96,2023	LOW,0
96,2020	LOW,0
92,2024	LOW,0
92,2023	LOW,0
92,2022	LOW,0
92,2021	LOW,0
92,2020	LOW,0
92,2019	LOW,0
92,2018	LOW,0
90,2024	LOW,0
90,2023	MID_HIGH,1
90,2022	MID_LOW,1
90,2021	MID_HIGH,7
894,2025	MID_HIGH,5
894,2024	MID_HIGH,10
894,2023	MID_HIGH,15
894,2022	MID_HIGH,12
894,2021	MID_HIGH,16
894,2020	MID_HIGH,40
894,2019	MID_HIGH,11
894,2018	MID_HIGH,17
894,2017	MID_LOW,2
894,2016	MID_LOW,6
894,2015	MID_LOW,8
894,2014	MID_LOW,7
894,2013	MID_HIGH,13
894,2012	MID_HIGH,12
894,2011	MID_HIGH,22
894,2010	LOW,0
894,2009	MID_HIGH,16
894,2008	MID_HIGH,11
894,2007	MID_HIGH,66
894,2006	MID_HIGH,24
894,2005	LOW,0
894,2004	MID_HIGH,6
894,2003	MID_HIGH,14
894,2002	LOW,0
894,2001	MID_LOW,2
894,2000	MID_HIGH,3
894,1999	MID_HIGH,4
894,1998	MID_LOW,1
894,1997	MID_LOW,1
887,2025	MID_HIGH,1564
887,2024	MID_HIGH,3042
887,2023	MID_HIGH,2697
887,2022	MID_HIGH,6620
887,2021	HIGH,18408
887,2020	HIGH,19795
887,2019	HIGH,28011
887,2018	HIGH,34274
887,2017	HIGH,17651
887,2016	HIGH,15661
887,2015	HIGH,17496
882,2024	LOW,0
882,2023	LOW,0
882,2022	LOW,0
882,2021	LOW,0
876,2024	LOW,0
876,2023	LOW,0
876,2022	LOW,0
876,2021	LOW,0
862,2025	MID_HIGH,173
862,2024	MID_HIGH,557
862,2023	MID_HIGH,783
862,2022	MID_HIGH,1075
862,2021	MID_HIGH,1796
862,2020	MID_HIGH,2702
862,2019	MID_HIGH,3378
862,2018	MID_HIGH,3221
860,2025	MID_LOW,4
860,2024	MID_LOW,2
860,2023	MID_LOW,3
860,2022	MID_HIGH,29
860,2021	MID_LOW,4
860,2020	MID_LOW,4
860,2019	MID_LOW,3
860,2018	MID_LOW,2
86,2025	LOW,0
858,2025	LOW,0
858,2024	LOW,0
858,2023	MID_LOW,1
858,2022	MID_LOW,1
858,2021	LOW,0
858,2020	MID_LOW,2
858,2019	MID_LOW,3
858,2018	LOW,0
854,2025	HIGH,2410
854,2024	HIGH,7493
854,2023	HIGH,8505
854,2022	HIGH,4246
854,2021	HIGH,2374
854,2020	HIGH,2304
854,2019	HIGH,2220
854,2018	MID_HIGH,303
854,2017	MID_HIGH,117
854,2016	MID_HIGH,81
854,2015	MID_HIGH,23
854,2014	MID_HIGH,36
854,2013	MID_HIGH,8
854,2012	MID_HIGH,32
854,2011	MID_LOW,10
854,2010	MID_HIGH,1
854,2009	LOW,0
854,2008	HIGH,14
854,2007	LOW,0
854,2006	HIGH,16
854,2005	LOW,0
854,2004	HIGH,13
854,2003	HIGH,1
854,2002	HIGH,106
854,2001	LOW,0
854,2000	MID_LOW,1
854,1999	MID_LOW,3
854,1998	HIGH,4
854,1997	LOW,0
850,2021	LOW,0
850,2020	LOW,0
840,2025	MID_LOW,21
840,2024	MID_LOW,35
840,2023	MID_LOW,67
840,2022	MID_LOW,105
840,2021	MID_LOW,136
840,2020	MID_LOW,103
84,2025	MID_HIGH,15
84,2024	MID_HIGH,23
84,2023	MID_HIGH,38
84,2022	MID_HIGH,48
84,2021	MID_HIGH,67
84,2020	MID_HIGH,75
84,2019	MID_HIGH,104
84,2018	MID_HIGH,91
834,2025	MID_HIGH,4
834,2024	MID_HIGH,40
834,2023	MID_HIGH,24
834,2022	MID_HIGH,40
834,2021	MID_HIGH,44
834,2020	MID_HIGH,51
834,2019	MID_HIGH,43
834,2018	MID_HIGH,41
834,2017	HIGH,280
834,2016	HIGH,46
834,2015	MID_HIGH,35
834,2014	MID_HIGH,36
834,2013	MID_HIGH,45
834,2012	MID_HIGH,57
834,2011	MID_HIGH,36
834,2010	HIGH,21
834,2009	HIGH,31
834,2008	MID_HIGH,7
834,2007	HIGH,8
834,2006	MID_HIGH,12
834,2005	MID_HIGH,17
834,2004	MID_HIGH,17
834,2003	MID_HIGH,3
834,2002	HIGH,180
834,2001	HIGH,139
834,2000	HIGH,64
834,1999	HIGH,13
834,1998	HIGH,20
834,1997	HIGH,26
833,2024	LOW,0
833,2022	LOW,0
833,2021	LOW,0
833,2020	LOW,0
832,2025	LOW,0
832,2021	LOW,0
832,2020	LOW,0
831,2024	LOW,0
831,2022	LOW,0
831,2021	LOW,0
831,2020	LOW,0
826,2025	LOW,0
826,2024	LOW,0
826,2023	MID_LOW,1
826,2022	LOW,0
826,2021	MID_LOW,5
826,2020	MID_LOW,5
818,2025	MID_HIGH,16
818,2024	MID_HIGH,22
818,2023	MID_HIGH,31
818,2022	HIGH,275
818,2021	MID_HIGH,264
818,2020	HIGH,626
818,2019	HIGH,1003
818,2018	HIGH,1115
818,2017	HIGH,1544
818,2016	HIGH,1721
818,2015	HIGH,2857
818,2014	MID_HIGH,1363
818,2013	HIGH,2485
818,2012	MID_HIGH,244
818,2011	MID_HIGH,1255
818,2010	MID_HIGH,70
818,2009	MID_HIGH,17
818,2008	MID_HIGH,27
818,2007	LOW,0
818,2006	HIGH,24
818,2005	HIGH,104
818,2004	HIGH,28
818,2003	LOW,0
818,2002	MID_HIGH,24
818,2001	MID_HIGH,4
818,2000	HIGH,77
818,1999	MID_HIGH,8
818,1998	HIGH,27
818,1997	HIGH,171
807,2025	LOW,0
807,2024	LOW,0
807,2023	LOW,0
807,2022	LOW,0
807,2021	LOW,0
807,2020	LOW,0
807,2019	LOW,0
807,2018	MID_LOW,1
804,2025	HIGH,29801
804,2024	HIGH,73574
804,2023	MID_HIGH,39785
804,2022	HIGH,40558
804,2021	MID_LOW,149
804,2020	MID_LOW,121
804,2019	MID_LOW,412
804,2018	MID_LOW,896
800,2025	MID_HIGH,69
800,2024	MID_HIGH,243
800,2023	MID_HIGH,367
800,2022	MID_HIGH,363
800,2021	MID_HIGH,507
800,2020	MID_HIGH,299
800,2019	MID_HIGH,163
800,2018	MID_HIGH,146
800,2017	MID_HIGH,66
800,2016	HIGH,278
800,2015	MID_HIGH,29
800,2014	HIGH,195
800,2013	MID_HIGH,34
800,2012	MID_HIGH,20
800,2011	MID_HIGH,29
800,2010	HIGH,289
800,2009	HIGH,158
800,2008	HIGH,174
800,2007	HIGH,308
800,2006	HIGH,723
800,2005	HIGH,1092
800,2004	HIGH,1415
800,2003	HIGH,2839
800,2002	HIGH,1861
800,2001	HIGH,129
800,2000	HIGH,1242
800,1999	HIGH,1287
800,1998	HIGH,1161
800,1997	HIGH,932
8,2025	LOW,0
8,2024	MID_LOW,1
8,2023	MID_LOW,1
8,2022	LOW,0
8,2021	MID_LOW,1
8,2020	LOW,0
8,2019	LOW,0
8,2018	MID_LOW,1
798,2024	LOW,0
796,2023	LOW,0
796,2022	LOW,0
796,2021	LOW,0
796,2020	LOW,0
796,2019	LOW,0
796,2018	LOW,0
795,2025	HIGH,1
795,2024	LOW,0
795,2023	MID_HIGH,1
795,2022	LOW,0
795,2021	LOW,0
795,2020	MID_LOW,1
795,2019	MID_HIGH,8
795,2018	HIGH,25
792,2025	MID_LOW,1
792,2024	MID_LOW,55
792,2023	MID_LOW,150
792,2022	MID_LOW,218
792,2021	MID_LOW,213
792,2020	MID_LOW,359
792,2019	MID_LOW,559
792,2018	MID_HIGH,991
792,2017	HIGH,2660
792,2016	HIGH,4489
788,2025	MID_LOW,2
788,2024	MID_LOW,3
788,2023	MID_LOW,9
788,2022	MID_LOW,1
788,2021	MID_LOW,19
788,2020	MID_LOW,15
788,2019	MID_LOW,30
788,2018	MID_LOW,34
788,2017	MID_LOW,27
788,2016	MID_HIGH,120
788,2015	MID_HIGH,161
788,2014	MID_HIGH,104
788,2013	MID_HIGH,77
788,2012	MID_LOW,14
788,2011	MID_HIGH,221
788,2010	MID_LOW,2
788,2009	LOW,0
788,2008	MID_HIGH,4
788,2007	HIGH,14
788,2006	HIGH,2
788,2005	LOW,0
788,2004	LOW,0
788,2003	LOW,0
788,2002	HIGH,22
788,2001	LOW,0
788,2000	LOW,0
788,1999	HIGH,4
788,1998	LOW,0
788,1997	LOW,0
784,2025	LOW,0
784,2024	MID_HIGH,1
784,2023	LOW,0
784,2022	MID_HIGH,3
784,2021	LOW,0
784,2020	MID_HIGH,2
784,2019	LOW,0
784,2018	LOW,0
784,2017	LOW,0
780,2025	MID_HIGH,65
780,2024	MID_HIGH,330
780,2023	MID_HIGH,333
780,2022	MID_HIGH,285
780,2021	MID_HIGH,186
780,2020	MID_HIGH,162
780,2019	MID_HIGH,181
780,2018	MID_HIGH,243
776,2024	LOW,0
776,2022	LOW,0
776,2021	LOW,0
772,2023	LOW,0
768,2025	MID_HIGH,8
768,2024	HIGH,153
768,2023	HIGH,100
768,2022	HIGH,81
768,2021	MID_LOW,4
768,2020	MID_HIGH,14
768,2019	MID_HIGH,9
768,2018	MID_HIGH,6
768,2017	MID_HIGH,44
768,2016	MID_HIGH,5
768,2015	MID_HIGH,8
768,2014	LOW,0
768,2013	MID_HIGH,8
768,2012	LOW,0
768,2011	MID_LOW,1
768,2010	LOW,0
768,2009	MID_HIGH,2
768,2008	HIGH,1
768,2007	LOW,0
768,2006	LOW,0
768,2005	HIGH,94
768,2004	MID_HIGH,2
768,2003	MID_HIGH,2
768,2002	LOW,0
768,2001	LOW,0
768,2000	MID_HIGH,1
768,1999	HIGH,4
768,1998	MID_HIGH,3
768,1997	MID_HIGH,4
764,2025	MID_HIGH,30
764,2024	MID_LOW,50
764,2023	MID_LOW,57
764,2022	MID_LOW,43
764,2021	MID_LOW,66
764,2020	MID_LOW,104
764,2019	MID_HIGH,174
764,2018	MID_HIGH,117
764,2017	MID_HIGH,162
764,2016	MID_HIGH,253
764,2015	MID_HIGH,251
764,2014	MID_HIGH,424
764,2013	MID_HIGH,432
764,2012	MID_HIGH,352
764,2011	MID_HIGH,390
764,2010	MID_HIGH,448
762,2025	HIGH,3
762,2024	LOW,0
762,2023	MID_HIGH,6
762,2022	HIGH,71
762,2021	MID_HIGH,20
762,2020	MID_LOW,2
762,2019	HIGH,66
762,2018	HIGH,64
760,2025	HIGH,5129
760,2024	MID_HIGH,7125
760,2023	MID_HIGH,6317
760,2022	MID_HIGH,6094
760,2021	MID_HIGH,6114
760,2020	MID_HIGH,8449
760,2019	MID_HIGH,15629
760,2018	HIGH,30226
760,2017	HIGH,54333
76,2025	MID_HIGH,2617
76,2024	MID_HIGH,7498
76,2023	MID_HIGH,8410
76,2022	MID_HIGH,7749
76,2021	MID_HIGH,6359
76,2020	MID_HIGH,5690
76,2019	MID_HIGH,5761
76,2018	MID_HIGH,7373
756,2025	LOW,0
756,2024	LOW,0
756,2023	LOW,0
756,2022	MID_LOW,2
756,2021	LOW,0
756,2020	LOW,0
752,2025	MID_LOW,1
752,2024	LOW,0
752,2023	LOW,0
752,2022	LOW,0
752,2021	LOW,0
752,2020	MID_LOW,1
748,2025	MID_LOW,1
748,2024	MID_HIGH,10
748,2023	MID_HIGH,32
748,2022	MID_HIGH,33
748,2021	MID_HIGH,46
748,2020	MID_HIGH,6
748,2019	MID_LOW,3
748,2018	LOW,0
748,2017	LOW,0
748,2016	LOW,0
748,2015	MID_HIGH,3
748,2014	LOW,0
748,2013	LOW,0
748,2012	MID_LOW,2
748,2011	MID_HIGH,3
748,2010	MID_HIGH,1
748,2009	LOW,0
748,2008	MID_HIGH,2
748,2007	LOW,0
748,2006	LOW,0
748,2005	LOW,0
748,2004	LOW,0
748,2003	MID_LOW,1
748,2002	LOW,0
748,2001	MID_HIGH,1
748,2000	MID_HIGH,1
748,1999	LOW,0
748,1998	MID_HIGH,2
748,1997	LOW,0
740,2025	LOW,0
740,2024	LOW,0
740,2023	MID_LOW,2
740,2022	LOW,0
740,2021	MID_LOW,1
740,2020	MID_LOW,1
740,2019	MID_HIGH,7
740,2018	MID_LOW,1
729,2025	HIGH,9114
729,2024	HIGH,18299
729,2023	HIGH,16993
729,2022	MID_HIGH,2139
729,2021	HIGH,1657
729,2020	HIGH,959
729,2019	MID_HIGH,776
729,2018	HIGH,1054
729,2017	HIGH,1304
729,2016	HIGH,3904
729,2015	HIGH,3496
729,2014	HIGH,4165
729,2013	HIGH,6822
729,2012	HIGH,2276
729,2011	HIGH,4041
729,2010	HIGH,1756
729,2009	HIGH,2874
729,2008	HIGH,2119
729,2007	HIGH,2157
729,2006	HIGH,1662
729,2005	HIGH,1886
729,2004	HIGH,11451
729,2003	HIGH,8159
729,2002	HIGH,9329
729,2001	HIGH,4277
729,2000	HIGH,3116
729,1999	HIGH,2439
729,1998	HIGH,4046
729,1997	HIGH,5110
728,2025	HIGH,1294
728,2024	HIGH,2317
728,2023	HIGH,3061
728,2022	HIGH,3719
728,2021	HIGH,3725
728,2020	HIGH,2455
728,2019	HIGH,1801
728,2018	HIGH,1716
728,2017	HIGH,4859
728,2016	HIGH,3686
728,2015	HIGH,3567
728,2014	HIGH,6447
728,2013	HIGH,4368
728,2012	HIGH,4110
728,2011	HIGH,1865
724,2025	LOW,0
724,2024	MID_LOW,1
724,2023	LOW,0
724,2022	LOW,0
724,2021	MID_LOW,4
724,2020	MID_LOW,1
72,2025	HIGH,3
72,2024	MID_HIGH,2
72,2023	MID_HIGH,7
72,2022	MID_HIGH,4
72,2021	MID_LOW,1
72,2020	MID_HIGH,7
72,2019	LOW,0
72,2018	MID_HIGH,2
72,2017	LOW,0
72,2016	MID_HIGH,1
72,2015	LOW,0
72,2014	LOW,0
72,2013	LOW,0
72,2011	LOW,0
72,2010	LOW,0
72,2009	MID_HIGH,1
72,2008	MID_HIGH,1
72,2007	LOW,0
72,2006	LOW,0
72,2005	LOW,0
72,2004	LOW,0
72,2003	LOW,0
72,2000	LOW,0
72,1998	LOW,0
72,1997	LOW,0
716,2025	MID_HIGH,4
716,2024	MID_HIGH,21
716,2023	MID_HIGH,40
716,2022	MID_HIGH,33
716,2021	MID_HIGH,25
716,2020	MID_HIGH,22
716,2019	MID_HIGH,42
716,2018	MID_LOW,27
716,2017	MID_LOW,9
716,2016	MID_LOW,7
716,2015	MID_LOW,19
716,2014	MID_LOW,7
716,2013	MID_LOW,8
716,2012	MID_LOW,14
716,2011	MID_LOW,11
716,2010	MID_LOW,9
716,2009	MID_HIGH,31
716,2008	MID_HIGH,126
716,2007	MID_LOW,13
716,2006	MID_LOW,1
716,2005	MID_LOW,8
716,2004	MID_LOW,2
716,2003	MID_LOW,6
716,2002	MID_LOW,54
716,2001	MID_HIGH,37
716,2000	MID_HIGH,44
716,1999	MID_HIGH,6
716,1998	MID_LOW,10
716,1997	MID_LOW,2
710,2025	MID_LOW,61
710,2024	MID_HIGH,284
710,2023	MID_HIGH,315
710,2022	MID_HIGH,296
710,2021	MID_HIGH,329
710,2020	MID_LOW,183
710,2019	MID_HIGH,199
710,2018	MID_LOW,114
710,2017	MID_LOW,117
710,2016	MID_LOW,139
710,2015	MID_HIGH,211
710,2014	MID_HIGH,154
710,2013	MID_LOW,109
710,2012	MID_HIGH,263
710,2011	MID_HIGH,44
710,2010	MID_LOW,28
710,2009	MID_LOW,37
710,2008	MID_HIGH,45
710,2007	MID_LOW,15
710,2006	MID_HIGH,17
710,2005	MID_LOW,6
710,2004	MID_HIGH,35
710,2003	MID_HIGH,16
710,2002	MID_HIGH,28
710,2001	MID_HIGH,17
710,2000	MID_HIGH,59
710,1999	HIGH,87
710,1998	HIGH,100
710,1997	HIGH,99
706,2025	HIGH,4177
706,2024	HIGH,5573
706,2023	HIGH,9176
706,2022	HIGH,6664
706,2021	HIGH,3425
706,2020	HIGH,3495
706,2019	HIGH,5048
706,2018	HIGH,5800
706,2017	HIGH,6122
706,2016	HIGH,5950
706,2015	HIGH,4137
706,2014	HIGH,4470
706,2013	HIGH,3172
706,2012	HIGH,3364
706,2011	HIGH,2009
706,2010	HIGH,3655
706,2009	HIGH,1137
706,2008	HIGH,2076
706,2007	HIGH,2052
706,2006	HIGH,1166
706,2005	HIGH,563
706,2004	HIGH,926
706,2003	HIGH,764
706,2002	MID_HIGH,83
706,2001	HIGH,72
706,2000	MID_HIGH,33
706,1999	HIGH,110
706,1998	MID_HIGH,4
706,1997	HIGH,49
705,2025	LOW,0
705,2024	MID_LOW,1
705,2023	LOW,0
705,2022	LOW,0
705,2021	LOW,0
705,2020	LOW,0
704,2025	LOW,0
704,2024	MID_HIGH,1
704,2023	MID_HIGH,11
704,2022	LOW,0
704,2021	LOW,0
704,2020	MID_HIGH,4
704,2019	MID_LOW,1
704,2018	MID_LOW,3
704,2017	MID_LOW,3
704,2016	MID_LOW,5
704,2015	MID_LOW,3
704,2014	MID_HIGH,29
704,2013	MID_HIGH,7
704,2012	MID_LOW,3
704,2011	HIGH,66
704,2010	MID_HIGH,12
703,2025	LOW,0
703,2024	MID_LOW,1
703,2023	LOW,0
703,2022	MID_LOW,2
703,2021	LOW,0
703,2020	LOW,0
702,2025	LOW,0
702,2024	LOW,0
702,2023	LOW,0
702,2022	LOW,0
702,2021	LOW,0
702,2020	LOW,0
70,2025	LOW,0
70,2024	MID_LOW,14
70,2023	LOW,0
70,2022	MID_LOW,1
70,2021	LOW,0
70,2020	LOW,0
70,2019	MID_LOW,1
70,2018	MID_LOW,1
694,2025	MID_HIGH,4
694,2024	MID_HIGH,4
694,2023	MID_HIGH,32
694,2022	MID_HIGH,24
694,2021	MID_LOW,2
694,2020	MID_HIGH,31
694,2019	MID_LOW,13
694,2018	MID_LOW,10
694,2017	MID_HIGH,5
694,2016	MID_HIGH,7
694,2015	MID_LOW,2
694,2014	MID_HIGH,2
694,2013	MID_HIGH,6
694,2012	MID_HIGH,3
694,2011	MID_HIGH,2
694,2010	LOW,0
694,2009	MID_HIGH,5
694,2008	MID_HIGH,7
694,2007	MID_HIGH,2
694,2006	LOW,0
694,2005	LOW,0
694,2004	MID_HIGH,3
694,2003	LOW,0
694,2002	MID_HIGH,2
694,2001	MID_LOW,5
694,2000	LOW,0
694,1999	MID_HIGH,113
694,1998	LOW,0
694,1997	MID_LOW,40
690,2024	MID_HIGH,2
690,2023	LOW,0
690,2022	LOW,0
690,2021	LOW,0
690,2020	LOW,0
688,2025	LOW,0
688,2024	MID_LOW,3
688,2023	MID_LOW,18
688,2022	LOW,0
688,2021	MID_LOW,1
688,2020	LOW,0
688,2019	MID_LOW,1
688,2018	MID_LOW,5
686,2025	MID_LOW,4
686,2024	MID_LOW,19
686,2023	MID_HIGH,48
686,2022	MID_LOW,22
686,2021	MID_LOW,24
686,2020	MID_LOW,3
686,2019	MID_LOW,4
686,2018	MID_HIGH,29
686,2017	MID_LOW,1
686,2016	MID_HIGH,18
686,2015	MID_LOW,1
686,2014	MID_LOW,11
686,2013	MID_HIGH,15
686,2012	MID_HIGH,24
686,2011	HIGH,45
686,2010	HIGH,22
686,2009	MID_HIGH,18
686,2008	MID_HIGH,8
686,2007	MID_HIGH,8
686,2006	HIGH,206
686,2005	MID_HIGH,2
686,2004	LOW,0
686,2003	MID_HIGH,9
686,2002	HIGH,43
686,2001	HIGH,114
686,2000	HIGH,85
686,1999	HIGH,83
686,1998	HIGH,220
686,1997	HIGH,463
682,2025	LOW,0
682,2024	HIGH,12
682,2023	HIGH,193
682,2022	HIGH,89
682,2021	MID_LOW,20
682,2020	MID_HIGH,54
682,2019	HIGH,1043
682,2018	HIGH,1514
682,2017	HIGH,1432
682,2016	HIGH,1262
682,2015	HIGH,878
68,2025	MID_LOW,10
68,2024	MID_LOW,19
68,2023	MID_LOW,15
68,2022	MID_LOW,11
68,2021	MID_LOW,8
68,2020	MID_LOW,1
68,2019	MID_LOW,36
68,2018	MID_LOW,26
678,2025	LOW,0
678,2024	LOW,0
678,2023	LOW,0
678,2022	MID_HIGH,5
678,2021	MID_LOW,1
678,2020	LOW,0
674,2024	LOW,0
674,2023	LOW,0
674,2022	LOW,0
674,2021	LOW,0
674,2020	LOW,0
670,2024	LOW,0
670,2023	LOW,0
670,2022	LOW,0
670,2021	LOW,0
670,2020	HIGH,2
670,2019	LOW,0
666,2024	LOW,0
666,2023	LOW,0
666,2022	LOW,0
663,2025	LOW,0
663,2024	LOW,0
663,2023	LOW,0
663,2022	LOW,0
663,2021	LOW,0
663,2020	LOW,0
663,2019	LOW,0
662,2025	LOW,0
662,2024	MID_HIGH,1
662,2023	LOW,0
662,2022	LOW,0
662,2021	LOW,0
662,2020	LOW,0
662,2019	LOW,0
662,2018	LOW,0
660,2024	LOW,0
660,2023	LOW,0
660,2022	LOW,0
660,2021	LOW,0
660,2020	LOW,0
659,2023	LOW,0
659,2022	LOW,0
659,2020	LOW,0
659,2018	MID_HIGH,1
654,2020	LOW,0
652,2024	LOW,0
652,2022	LOW,0
652,2021	LOW,0
646,2025	HIGH,17
646,2024	MID_HIGH,11
646,2023	MID_HIGH,8
646,2022	MID_HIGH,16
646,2021	HIGH,31
646,2020	HIGH,63
646,2019	HIGH,85
646,2018	HIGH,49
646,2017	MID_HIGH,4
646,2016	HIGH,8
646,2015	MID_HIGH,4
646,2014	MID_HIGH,4
646,2013	MID_HIGH,8
646,2012	MID_HIGH,34
646,2011	MID_LOW,3
646,2010	MID_HIGH,21
646,2009	MID_HIGH,8
646,2008	MID_HIGH,9
646,2007	HIGH,19
646,2006	HIGH,16
646,2005	HIGH,4
646,2004	HIGH,26
646,2003	MID_HIGH,3
646,2002	MID_HIGH,1
646,2001	HIGH,952
646,2000	HIGH,181
646,1999	HIGH,81
646,1998	HIGH,2948
646,1997	HIGH,2942
643,2025	MID_HIGH,1418
643,2024	MID_HIGH,4846
643,2023	MID_LOW,257
643,2022	MID_LOW,115
643,2021	MID_LOW,26
643,2020	MID_LOW,56
643,2019	MID_LOW,46
643,2018	MID_LOW,122
642,2025	LOW,0
642,2024	MID_LOW,1
642,2023	MID_LOW,1
642,2022	LOW,0
642,2021	LOW,0
642,2020	MID_LOW,3
642,2019	MID_LOW,1
642,2018	LOW,0
64,2024	LOW,0
64,2023	LOW,0
64,2022	LOW,0
64,2021	LOW,0
64,2020	LOW,0
638,2025	LOW,0
638,2024	LOW,0
638,2023	LOW,0
638,2022	LOW,0
638,2021	LOW,0
638,2020	LOW,0
634,2024	LOW,0
634,2023	LOW,0
634,2022	LOW,0
634,2021	LOW,0
634,2020	LOW,0
634,2019	LOW,0
634,2017	LOW,0
630,2025	MID_HIGH,58
630,2024	MID_HIGH,206
630,2023	MID_HIGH,198
630,2022	MID_HIGH,212
630,2021	MID_HIGH,180
630,2020	MID_HIGH,118
630,2019	MID_HIGH,150
630,2018	MID_HIGH,125
626,2025	LOW,0
626,2024	LOW,0
626,2023	LOW,0
626,2022	MID_HIGH,2
626,2021	MID_HIGH,2
626,2020	LOW,0
624,2025	LOW,0
624,2024	MID_HIGH,11
624,2023	MID_HIGH,5
624,2022	MID_HIGH,12
624,2021	LOW,0
624,2020	MID_HIGH,8
624,2019	MID_LOW,1
624,2018	LOW,0
624,2017	LOW,0
624,2016	LOW,0
624,2015	MID_HIGH,1
624,2014	HIGH,22
624,2013	MID_HIGH,3
624,2012	MID_HIGH,9
624,2011	MID_HIGH,1
624,2010	LOW,0
624,2009	MID_HIGH,6
624,2008	HIGH,5
624,2007	HIGH,2
624,2006	HIGH,61
624,2005	MID_HIGH,5
624,2004	HIGH,7
624,2003	MID_HIGH,3
624,2002	LOW,0
624,2001	HIGH,13
624,2000	HIGH,14
624,1999	HIGH,229
624,1998	HIGH,567
624,1997	LOW,0
620,2025	LOW,0
620,2024	MID_LOW,1
620,2023	LOW,0
620,2022	LOW,0
620,2021	LOW,0
620,2020	MID_LOW,2
616,2025	LOW,0
616,2024	MID_LOW,1
616,2023	MID_LOW,3
616,2022	MID_LOW,2
616,2021	MID_LOW,9
616,2020	LOW,0
608,2025	MID_HIGH,184
608,2024	MID_HIGH,651
608,2023	MID_HIGH,858
608,2022	MID_HIGH,930
608,2021	MID_HIGH,1183
608,2020	MID_HIGH,1506
608,2019	HIGH,1730
608,2018	HIGH,2118
608,2017	HIGH,4358
608,2016	HIGH,4533
604,2025	MID_LOW,15
604,2024	MID_LOW,46
604,2023	MID_LOW,82
604,2022	MID_LOW,48
604,2021	MID_LOW,25
604,2020	MID_LOW,45
604,2019	MID_LOW,32
604,2018	MID_LOW,19
600,2025	LOW,0
600,2024	MID_LOW,6
600,2023	MID_LOW,11
600,2022	MID_LOW,35
600,2021	MID_LOW,43
600,2020	MID_LOW,18
600,2019	MID_LOW,25
600,2018	MID_LOW,6
60,2024	LOW,0
60,2023	LOW,0
60,2022	LOW,0
60,2021	LOW,0
598,2025	MID_HIGH,36
598,2024	HIGH,334
598,2023	HIGH,357
598,2022	HIGH,254
598,2021	HIGH,242
591,2025	MID_LOW,1
591,2024	MID_LOW,4
591,2023	MID_LOW,7
591,2022	MID_LOW,2
591,2021	MID_LOW,5
591,2020	MID_LOW,4
591,2019	MID_LOW,2
591,2018	MID_LOW,2
586,2025	MID_HIGH,1680
586,2024	MID_HIGH,3094
586,2023	MID_HIGH,2380
586,2022	MID_HIGH,1850
586,2021	MID_HIGH,1405
586,2020	MID_LOW,934
586,2019	MID_HIGH,1148
586,2018	MID_HIGH,1225
586,2017	MID_HIGH,1719
586,2016	MID_HIGH,2216
586,2015	HIGH,4503
586,2014	HIGH,5415
586,2013	MID_HIGH,4472
586,2012	HIGH,6131
586,2011	HIGH,4535
586,2010	HIGH,8128
585,2025	LOW,0
585,2024	LOW,0
584,2024	LOW,0
584,2023	LOW,0
583,2023	LOW,0
583,2021	LOW,0
580,2025	LOW,0
580,2024	LOW,0
580,2023	LOW,0
580,2021	LOW,0
578,2025	LOW,0
578,2024	LOW,0
578,2023	LOW,0
578,2022	MID_LOW,2
578,2021	LOW,0
578,2020	MID_LOW,1
570,2023	LOW,0
566,2025	HIGH,4183
566,2024	HIGH,9929
566,2023	HIGH,8790
566,2022	HIGH,10943
566,2021	HIGH,10969
566,2020	HIGH,8483
566,2019	HIGH,5952
566,2018	HIGH,6163
566,2017	HIGH,4949
566,2016	HIGH,4896
566,2015	HIGH,11119
566,2014	HIGH,11389
566,2013	HIGH,4686
566,2012	HIGH,2995
566,2011	HIGH,2472
566,2010	HIGH,1906
566,2009	HIGH,2217
566,2008	HIGH,973
566,2007	HIGH,308
566,2006	HIGH,126
566,2005	MID_HIGH,105
566,2004	HIGH,2398
566,2003	HIGH,956
566,2002	HIGH,1141
566,2001	HIGH,2183
566,2000	HIGH,3345
566,1999	HIGH,1796
566,1998	HIGH,1272
566,1997	HIGH,472
562,2025	HIGH,422
562,2024	HIGH,1865
562,2023	HIGH,1159
562,2022	HIGH,1019
562,2021	HIGH,1498
562,2020	HIGH,1126
562,2019	HIGH,729
562,2018	HIGH,506
562,2017	HIGH,240
562,2016	HIGH,367
562,2015	HIGH,988
562,2014	HIGH,38
562,2013	HIGH,33
562,2012	HIGH,15
562,2011	HIGH,25
562,2010	HIGH,21
562,2009	HIGH,14
562,2008	HIGH,94
562,2007	HIGH,90
562,2006	LOW,0
562,2005	MID_LOW,1
562,2004	MID_HIGH,12
562,2003	LOW,0
562,2002	HIGH,76
562,2001	MID_HIGH,4
562,2000	LOW,0
562,1999	HIGH,10
562,1998	HIGH,169
562,1997	HIGH,121
56,2025	LOW,0
56,2024	LOW,0
56,2023	MID_LOW,4
56,2022	MID_LOW,3
56,2021	MID_LOW,2
56,2020	LOW,0
558,2025	MID_LOW,2
558,2024	MID_HIGH,17
558,2023	MID_HIGH,13
558,2022	MID_LOW,7
558,2021	MID_HIGH,35
558,2020	MID_HIGH,28
558,2019	MID_LOW,29
558,2018	MID_HIGH,356
554,2025	LOW,0
554,2024	LOW,0
554,2023	LOW,0
554,2022	LOW,0
554,2021	MID_LOW,1
548,2025	LOW,0
548,2024	LOW,0
548,2023	LOW,0
548,2022	MID_HIGH,1
548,2021	LOW,0
540,2025	LOW,0
540,2024	MID_LOW,19
540,2023	LOW,0
540,2022	LOW,0
540,2021	LOW,0
535,2024	LOW,0
535,2023	LOW,0
535,2022	LOW,0
535,2021	LOW,0
535,2020	LOW,0
535,2019	LOW,0
535,2018	LOW,0
534,2024	MID_HIGH,1
534,2023	LOW,0
534,2022	LOW,0
534,2021	LOW,0
534,2020	LOW,0
534,2019	LOW,0
534,2018	LOW,0
533,2025	MID_HIGH,1
533,2024	LOW,0
533,2023	LOW,0
533,2022	LOW,0
533,2021	LOW,0
533,2020	LOW,0
533,2019	LOW,0
533,2018	LOW,0
531,2025	LOW,0
531,2024	LOW,0
531,2023	LOW,0
531,2022	LOW,0
531,2021	LOW,0
531,2020	LOW,0
531,2019	LOW,0
531,2018	LOW,0
528,2025	MID_LOW,1
528,2024	MID_LOW,1
528,2023	LOW,0
528,2022	LOW,0
528,2021	MID_LOW,1
528,2020	MID_LOW,1
524,2025	MID_LOW,3
524,2024	MID_LOW,7
524,2023	MID_LOW,7
524,2022	MID_LOW,15
524,2021	MID_LOW,10
524,2020	MID_LOW,37
524,2019	MID_LOW,49
524,2018	MID_LOW,19
524,2017	MID_LOW,19
524,2016	MID_LOW,8
524,2015	MID_LOW,51
524,2014	MID_LOW,6
524,2013	MID_LOW,6
524,2012	MID_LOW,18
524,2011	MID_LOW,14
524,2010	MID_LOW,41
520,2023	LOW,0
520,2022	LOW,0
52,2024	LOW,0
52,2023	LOW,0
52,2022	LOW,0
52,2021	LOW,0
52,2020	MID_HIGH,2
52,2018	LOW,0
516,2025	LOW,0
516,2024	MID_LOW,6
516,2023	MID_LOW,4
516,2022	MID_LOW,3
516,2021	MID_LOW,2
516,2020	LOW,0
516,2019	MID_LOW,4
516,2018	MID_LOW,1
516,2017	MID_LOW,2
516,2016	LOW,0
516,2015	MID_LOW,4
516,2014	MID_LOW,5
516,2013	MID_LOW,3
516,2012	MID_LOW,1
516,2011	MID_LOW,1
516,2010	LOW,0
516,2009	LOW,0
516,2008	LOW,0
516,2007	LOW,0
516,2006	LOW,0
516,2005	LOW,0
516,2004	LOW,0
516,2003	MID_HIGH,4
516,2002	HIGH,8
516,2001	MID_HIGH,13
516,2000	HIGH,153
516,1999	HIGH,71
516,1998	LOW,0
516,1997	LOW,0
512,2025	LOW,0
512,2024	HIGH,10
512,2023	LOW,0
512,2022	LOW,0
512,2021	MID_LOW,2
512,2020	LOW,0
512,2019	LOW,0
512,2018	LOW,0
512,2017	LOW,0
512,2016	LOW,0
51,2025	LOW,0
51,2024	MID_LOW,4
51,2023	MID_LOW,24
51,2022	MID_HIGH,217
51,2021	MID_LOW,24
51,2020	MID_LOW,27
51,2019	MID_LOW,2
51,2018	MID_LOW,6
508,2025	MID_HIGH,203
508,2024	MID_HIGH,674
508,2023	MID_HIGH,310
508,2022	HIGH,925
508,2021	HIGH,1830
508,2020	HIGH,1773
508,2019	HIGH,691
508,2018	HIGH,212
508,2017	HIGH,129
508,2016	MID_HIGH,105
508,2015	HIGH,48
508,2014	MID_HIGH,57
508,2013	HIGH,144
508,2012	MID_HIGH,13
508,2011	MID_HIGH,4
508,2010	HIGH,26
508,2009	MID_LOW,4
508,2008	MID_LOW,2
508,2007	LOW,0
508,2006	MID_HIGH,2
508,2005	MID_HIGH,12
508,2004	MID_LOW,3
508,2003	LOW,0
508,2002	LOW,0
508,2001	LOW,0
508,2000	MID_HIGH,2
508,1999	LOW,0
508,1998	LOW,0
508,1997	LOW,0
504,2025	MID_LOW,15
504,2024	MID_LOW,45
504,2023	MID_LOW,38
504,2022	MID_LOW,56
504,2021	MID_LOW,47
504,2020	MID_LOW,4
504,2019	MID_LOW,6
504,2018	MID_LOW,7
504,2017	MID_LOW,4
504,2016	MID_LOW,6
504,2015	MID_LOW,4
504,2014	MID_LOW,4
504,2013	MID_LOW,5
504,2012	MID_LOW,1
504,2011	MID_HIGH,33
504,2010	HIGH,30
504,2009	LOW,0
504,2008	LOW,0
504,2007	MID_HIGH,2
504,2006	MID_HIGH,2
504,2005	MID_HIGH,3
504,2004	MID_HIGH,2
504,2003	HIGH,43
504,2002	LOW,0
504,2001	LOW,0
504,2000	LOW,0
504,1999	LOW,0
504,1998	MID_HIGH,10
504,1997	MID_HIGH,8
500,2022	LOW,0
500,2020	LOW,0
50,2025	MID_LOW,125
50,2024	MID_HIGH,1909
50,2023	MID_HIGH,336
50,2022	MID_HIGH,309
50,2021	MID_HIGH,357
50,2020	MID_HIGH,279
50,2019	MID_HIGH,391
50,2018	MID_HIGH,267
50,2017	MID_HIGH,227
50,2016	MID_HIGH,421
50,2015	MID_HIGH,502
50,2014	MID_HIGH,391
50,2013	MID_HIGH,812
50,2012	MID_HIGH,470
50,2011	MID_HIGH,573
50,2010	MID_HIGH,611
499,2025	LOW,0
499,2024	LOW,0
499,2023	MID_LOW,1
499,2022	LOW,0
499,2021	LOW,0
499,2020	LOW,0
499,2019	LOW,0
499,2018	MID_LOW,2
498,2025	LOW,0
498,2024	LOW,0
498,2023	MID_LOW,1
498,2022	LOW,0
498,2021	LOW,0
498,2020	LOW,0
498,2019	LOW,0
498,2018	LOW,0
496,2025	LOW,0
496,2024	LOW,0
496,2023	LOW,0
496,2022	LOW,0
496,2021	LOW,0
496,2020	LOW,0
496,2019	LOW,0
496,2018	MID_LOW,1
492,2024	LOW,0
492,2023	LOW,0
492,2022	LOW,0
492,2021	LOW,0
492,2020	LOW,0
484,2025	MID_HIGH,2911
484,2024	MID_HIGH,8352
484,2023	MID_HIGH,7275
484,2022	MID_HIGH,7839
484,2021	MID_HIGH,8269
484,2020	MID_HIGH,8393
484,2019	MID_HIGH,9243
484,2018	MID_HIGH,9595
480,2025	LOW,0
480,2024	MID_LOW,2
480,2023	MID_LOW,2
480,2022	MID_LOW,3
480,2021	MID_LOW,2
480,2020	MID_LOW,2
48,2025	LOW,0
48,2024	LOW,0
48,2023	LOW,0
48,2022	LOW,0
48,2021	LOW,0
48,2020	LOW,0
48,2019	MID_LOW,1
48,2018	LOW,0
48,2017	MID_LOW,18
48,2016	MID_LOW,4
478,2025	LOW,0
478,2024	MID_LOW,7
478,2023	MID_LOW,9
478,2022	MID_LOW,6
478,2021	MID_LOW,1
478,2020	MID_LOW,4
478,2019	MID_LOW,3
478,2018	MID_LOW,3
478,2017	MID_LOW,2
478,2016	LOW,0
478,2015	MID_LOW,1
478,2014	MID_LOW,1
478,2013	LOW,0
478,2012	MID_LOW,3
478,2011	MID_HIGH,19
478,2010	HIGH,26
478,2009	MID_HIGH,2
478,2008	HIGH,14
478,2007	HIGH,9
478,2006	LOW,0
478,2005	HIGH,26
478,2004	LOW,0
478,2003	HIGH,26
478,2002	MID_HIGH,1
478,2001	LOW,0
478,2000	MID_HIGH,1
478,1999	LOW,0
478,1998	LOW,0
478,1997	MID_HIGH,3
474,2025	LOW,0
474,2024	MID_LOW,1
474,2023	LOW,0
474,2022	LOW,0
474,2021	LOW,0
474,2020	LOW,0
474,2019	LOW,0
474,2018	LOW,0
470,2025	LOW,0
470,2024	LOW,0
470,2023	LOW,0
470,2022	LOW,0
470,2021	LOW,0
470,2020	LOW,0
466,2025	HIGH,1454
466,2024	HIGH,4023
466,2023	HIGH,4347
466,2022	HIGH,4863
466,2021	HIGH,1913
466,2020	HIGH,2856
466,2019	HIGH,1875
466,2018	HIGH,1747
466,2017	HIGH,946
466,2016	HIGH,320
466,2015	HIGH,434
466,2014	HIGH,382
466,2013	HIGH,908
466,2012	HIGH,528
466,2011	HIGH,57
466,2010	HIGH,47
466,2009	HIGH,74
466,2008	HIGH,157
466,2007	HIGH,18
466,2006	MID_HIGH,4
466,2005	HIGH,15
466,2004	LOW,0
466,2003	HIGH,26
466,2002	HIGH,5
466,2001	HIGH,15
466,2000	HIGH,8
466,1999	HIGH,120
466,1998	HIGH,11
466,1997	MID_HIGH,3
462,2025	LOW,0
462,2024	MID_LOW,1
462,2023	LOW,0
462,2022	LOW,0
462,2021	LOW,0
462,2020	LOW,0
458,2025	MID_LOW,3
458,2024	MID_LOW,3
458,2023	LOW,0
458,2022	MID_LOW,4
458,2021	MID_LOW,13
458,2020	MID_LOW,2
458,2019	MID_LOW,15
458,2018	MID_LOW,14
454,2025	MID_HIGH,13
454,2024	MID_HIGH,59
454,2023	MID_HIGH,53
454,2022	MID_HIGH,40
454,2021	MID_HIGH,44
454,2020	MID_HIGH,60
454,2019	MID_HIGH,27
454,2018	MID_HIGH,16
454,2017	MID_HIGH,19
454,2016	MID_HIGH,23
454,2015	MID_HIGH,12
454,2014	MID_HIGH,11
454,2013	MID_LOW,2
454,2012	LOW,0
454,2011	MID_HIGH,20
454,2010	LOW,0
454,2009	LOW,0
454,2008	MID_HIGH,3
454,2007	MID_HIGH,1
454,2006	LOW,0
454,2005	LOW,0
454,2004	MID_HIGH,2
454,2003	LOW,0
454,2002	MID_LOW,1
454,2001	MID_HIGH,8
454,2000	MID_HIGH,4
454,1999	LOW,0
454,1998	LOW,0
454,1997	LOW,0
450,2025	MID_HIGH,97
450,2024	MID_HIGH,471
450,2023	MID_HIGH,512
450,2022	HIGH,364
450,2021	MID_HIGH,303
450,2020	HIGH,358
450,2019	HIGH,351
450,2018	HIGH,142
450,2017	HIGH,210
450,2016	HIGH,177
450,2015	HIGH,192
450,2014	HIGH,465
450,2013	HIGH,181
450,2012	HIGH,233
450,2011	LOW,0
450,2010	MID_HIGH,3
450,2009	HIGH,145
450,2008	HIGH,2
450,2007	HIGH,22
450,2006	MID_LOW,1
450,2005	MID_HIGH,3
450,2004	MID_LOW,1
450,2003	MID_LOW,1
450,2002	MID_HIGH,38
450,2001	MID_HIGH,2
450,2000	MID_HIGH,1
450,1999	LOW,0
450,1998	LOW,0
450,1997	LOW,0
442,2025	LOW,0
442,2024	LOW,0
442,2023	LOW,0
442,2022	LOW,0
442,2021	LOW,0
442,2020	LOW,0
440,2025	LOW,0
440,2024	MID_LOW,1
440,2023	LOW,0
440,2022	LOW,0
440,2021	LOW,0
440,2020	LOW,0
44,2025	LOW,0
44,2024	LOW,0
44,2023	LOW,0
44,2022	LOW,0
44,2021	MID_LOW,2
44,2020	MID_HIGH,4
44,2019	LOW,0
44,2018	LOW,0
438,2024	LOW,0
438,2022	LOW,0
438,2021	LOW,0
438,2020	LOW,0
434,2025	MID_HIGH,92
434,2024	MID_HIGH,168
434,2023	MID_HIGH,96
434,2022	MID_HIGH,167
434,2021	MID_HIGH,115
434,2020	HIGH,1562
434,2019	HIGH,2294
434,2018	HIGH,1226
434,2017	HIGH,1707
434,2016	HIGH,3333
434,2015	HIGH,3081
434,2014	HIGH,3351
434,2013	MID_HIGH,443
434,2012	HIGH,552
434,2011	HIGH,5532
434,2010	LOW,0
434,2009	HIGH,10
434,2008	HIGH,40
434,2007	LOW,0
434,2006	HIGH,18
434,2005	MID_HIGH,1
434,2004	LOW,0
434,2003	LOW,0
434,2002	LOW,0
434,2001	LOW,0
434,2000	HIGH,52
434,1999	LOW,0
434,1998	MID_HIGH,2
434,1997	HIGH,9
430,2025	MID_LOW,3
430,2024	MID_HIGH,6
430,2023	MID_HIGH,9
430,2022	MID_HIGH,11
430,2021	MID_HIGH,7
430,2020	MID_LOW,2
430,2019	MID_HIGH,11
430,2018	MID_LOW,3
430,2017	MID_HIGH,7
430,2016	MID_HIGH,8
430,2015	MID_LOW,4
430,2014	MID_HIGH,26
430,2013	MID_LOW,3
430,2012	LOW,0
430,2011	MID_HIGH,14
430,2010	HIGH,12
430,2009	LOW,0
430,2008	LOW,0
430,2007	MID_LOW,1
430,2006	LOW,0
430,2005	MID_HIGH,16
430,2004	MID_HIGH,19
430,2003	HIGH,324
430,2002	MID_HIGH,36
430,2001	MID_HIGH,55
430,2000	MID_HIGH,43
430,1999	HIGH,529
430,1998	HIGH,102
430,1997	MID_LOW,2
428,2025	LOW,0
428,2024	MID_LOW,1
428,2023	LOW,0
428,2022	LOW,0
428,2021	LOW,0
428,2020	LOW,0
426,2024	MID_HIGH,3
426,2023	MID_HIGH,12
426,2022	MID_HIGH,14
426,2021	MID_HIGH,9
426,2020	MID_HIGH,6
426,2019	MID_HIGH,6
426,2018	LOW,0
426,2017	HIGH,4
426,2016	MID_HIGH,4
426,2015	MID_HIGH,4
426,2014	MID_LOW,1
426,2012	MID_HIGH,8
426,2011	LOW,0
426,2010	MID_HIGH,1
426,2009	HIGH,4
426,2008	LOW,0
426,2007	LOW,0
426,2006	MID_HIGH,2
426,2004	LOW,0
426,2003	MID_HIGH,1
426,2002	HIGH,9
426,2001	LOW,0
426,2000	LOW,0
426,1999	HIGH,50
426,1998	HIGH,96
426,1997	HIGH,7
422,2025	MID_LOW,152
422,2024	MID_HIGH,4054
422,2023	MID_LOW,272
422,2022	MID_LOW,53
422,2021	MID_LOW,74
422,2020	MID_LOW,48
422,2019	MID_LOW,25
422,2018	MID_LOW,36
422,2017	MID_HIGH,389
422,2016	MID_HIGH,221
418,2025	HIGH,5
418,2024	LOW,0
418,2023	LOW,0
418,2022	LOW,0
418,2021	MID_HIGH,1
418,2020	MID_HIGH,2
418,2019	MID_HIGH,2
418,2018	LOW,0
418,2017	MID_HIGH,4
418,2016	HIGH,9
418,2015	MID_HIGH,5
418,2014	LOW,0
418,2013	LOW,0
418,2012	HIGH,11
418,2011	HIGH,4
418,2010	LOW,0
417,2025	MID_LOW,2
417,2024	MID_LOW,1
417,2023	MID_LOW,2
417,2022	MID_HIGH,68
417,2021	MID_LOW,32
417,2020	MID_LOW,2
417,2019	MID_LOW,8
417,2018	MID_LOW,4
414,2024	LOW,0
414,2023	LOW,0
414,2022	LOW,0
414,2021	LOW,0
414,2020	MID_LOW,1
414,2019	LOW,0
414,2018	LOW,0
414,2017	LOW,0
414,2016	LOW,0
410,2025	LOW,0
410,2024	LOW,0
410,2023	LOW,0
410,2022	LOW,0
410,2021	LOW,0
410,2020	LOW,0
410,2019	LOW,0
410,2018	LOW,0
408,2025	LOW,0
408,2024	MID_HIGH,30
408,2023	MID_HIGH,12
408,2022	MID_HIGH,36
408,2021	MID_HIGH,31
408,2020	MID_HIGH,18
408,2019	MID_HIGH,12
408,2018	LOW,0
404,2025	MID_HIGH,315
404,2024	MID_HIGH,793
404,2023	MID_HIGH,1017
404,2022	MID_HIGH,692
404,2021	MID_HIGH,506
404,2020	MID_HIGH,367
404,2019	MID_HIGH,378
404,2018	MID_HIGH,465
404,2017	MID_HIGH,767
404,2016	MID_HIGH,245
404,2015	HIGH,527
404,2014	HIGH,611
404,2013	HIGH,776
404,2012	HIGH,523
404,2011	HIGH,214
404,2010	HIGH,220
404,2009	HIGH,185
404,2008	HIGH,1156
404,2007	HIGH,963
404,2006	HIGH,304
404,2005	HIGH,353
404,2004	HIGH,184
404,2003	HIGH,173
404,2002	HIGH,426
404,2001	HIGH,639
404,2000	HIGH,449
404,1999	HIGH,339
404,1998	HIGH,615
404,1997	HIGH,489
400,2025	LOW,0
400,2024	MID_LOW,3
400,2023	MID_LOW,7
400,2022	MID_LOW,14
400,2021	MID_LOW,9
400,2020	MID_LOW,16
400,2019	MID_LOW,25
400,2018	MID_LOW,20
400,2017	MID_HIGH,35
400,2016	MID_HIGH,65
40,2025	MID_LOW,1
40,2024	LOW,0
40,2023	LOW,0
40,2022	LOW,0
40,2021	LOW,0
40,2020	MID_LOW,6
4,2025	MID_HIGH,374
4,2024	HIGH,1445
4,2023	MID_HIGH,1238
4,2022	HIGH,4179
4,2021	HIGH,42714
4,2020	HIGH,31419
4,2019	HIGH,41608
4,2018	HIGH,43264
4,2017	HIGH,36607
398,2025	MID_LOW,1
398,2024	MID_LOW,6
398,2023	MID_LOW,4
398,2022	MID_HIGH,231
398,2021	MID_LOW,3
398,2020	MID_LOW,21
398,2019	MID_LOW,7
398,2018	MID_LOW,3
392,2025	LOW,0
392,2024	LOW,0
392,2023	LOW,0
392,2022	MID_LOW,1
392,2021	LOW,0
392,2020	LOW,0
392,2019	LOW,0
392,2018	LOW,0
388,2025	MID_HIGH,105
388,2024	MID_HIGH,347
388,2023	MID_HIGH,423
388,2022	MID_HIGH,388
388,2021	MID_HIGH,302
388,2020	MID_HIGH,266
388,2019	HIGH,281
388,2018	HIGH,224
384,2025	MID_LOW,6
384,2024	MID_LOW,20
384,2023	MID_HIGH,27
384,2022	MID_HIGH,48
384,2021	MID_HIGH,51
384,2020	MID_HIGH,151
384,2019	MID_HIGH,46
384,2018	MID_HIGH,16
384,2017	MID_HIGH,43
384,2016	HIGH,89
384,2015	MID_HIGH,24
384,2014	MID_HIGH,33
384,2013	MID_HIGH,79
384,2012	HIGH,118
384,2011	HIGH,817
384,2010	MID_HIGH,96
384,2009	MID_HIGH,4
384,2008	HIGH,28
384,2007	MID_HIGH,5
384,2006	HIGH,56
384,2005	HIGH,226
384,2004	HIGH,494
384,2003	HIGH,1201
384,2002	HIGH,300
384,2001	MID_HIGH,17
384,2000	HIGH,260
384,1999	MID_LOW,5
384,1998	HIGH,14
384,1997	HIGH,18
380,2025	LOW,0
380,2024	LOW,0
380,2023	LOW,0
380,2022	MID_LOW,1
380,2021	MID_LOW,1
380,2020	LOW,0
376,2025	MID_LOW,12
376,2024	MID_LOW,100
376,2023	MID_HIGH,1773
376,2022	MID_LOW,31
376,2021	MID_LOW,25
376,2020	MID_LOW,1
376,2019	MID_LOW,11
376,2018	MID_LOW,7
376,2017	MID_LOW,11
376,2016	MID_LOW,16
372,2025	LOW,0
372,2024	LOW,0
372,2023	LOW,0
372,2022	LOW,0
372,2021	LOW,0
372,2020	LOW,0
368,2025	MID_LOW,302
368,2024	MID_LOW,1039
368,2023	MID_HIGH,1397
368,2022	MID_HIGH,2104
368,2021	MID_HIGH,2600
368,2020	MID_HIGH,2691
368,2019	HIGH,3502
368,2018	HIGH,5255
368,2017	HIGH,31958
368,2016	HIGH,56331
364,2025	MID_LOW,38
364,2024	MID_LOW,367
364,2023	MID_LOW,214
364,2022	MID_HIGH,736
364,2021	MID_LOW,220
364,2020	MID_HIGH,435
364,2019	MID_HIGH,478
364,2018	MID_LOW,258
364,2017	MID_LOW,185
364,2016	MID_HIGH,269
360,2025	MID_LOW,71
360,2024	MID_LOW,164
360,2023	MID_LOW,219
360,2022	MID_LOW,266
360,2021	MID_LOW,138
360,2020	MID_LOW,134
360,2019	MID_HIGH,202
360,2018	MID_HIGH,174
360,2017	MID_HIGH,53
360,2016	MID_LOW,52
360,2015	MID_HIGH,103
36,2025	LOW,0
36,2024	LOW,0
36,2023	LOW,0
36,2022	MID_LOW,7
36,2021	LOW,0
356,2025	MID_LOW,461
356,2024	MID_LOW,1214
356,2023	MID_LOW,1205
356,2022	MID_LOW,889
356,2021	MID_LOW,1019
356,2020	MID_LOW,1336
356,2019	MID_LOW,1510
356,2018	MID_LOW,2121
356,2017	MID_LOW,1399
356,2016	MID_HIGH,1661
352,2025	LOW,0
352,2024	LOW,0
352,2023	LOW,0
352,2022	LOW,0
352,2021	LOW,0
352,2020	MID_LOW,3
348,2025	MID_LOW,1
348,2024	LOW,0
348,2023	LOW,0
348,2022	LOW,0
348,2021	LOW,0
348,2020	LOW,0
340,2025	MID_HIGH,199
340,2024	MID_HIGH,496
340,2023	MID_HIGH,655
340,2022	MID_HIGH,695
340,2021	MID_HIGH,710
340,2020	MID_HIGH,727
340,2019	MID_HIGH,1016
340,2018	MID_HIGH,793
336,2024	LOW,0
336,2023	LOW,0
336,2022	LOW,0
336,2020	LOW,0
332,2025	HIGH,2450
332,2024	HIGH,3565
332,2023	HIGH,2520
332,2022	HIGH,1637
332,2021	MID_HIGH,820
332,2020	MID_HIGH,717
332,2019	MID_HIGH,488
332,2018	MID_HIGH,296
328,2025	MID_HIGH,8
328,2024	MID_LOW,2
328,2023	MID_LOW,1
328,2022	LOW,0
328,2021	MID_LOW,1
328,2020	MID_LOW,6
328,2019	MID_LOW,2
328,2018	MID_LOW,1
324,2025	MID_LOW,6
324,2024	MID_HIGH,65
324,2023	MID_HIGH,72
324,2022	MID_HIGH,40
324,2021	MID_HIGH,28
324,2020	MID_HIGH,146
324,2019	MID_HIGH,46
324,2018	MID_HIGH,40
324,2017	MID_HIGH,47
324,2016	MID_LOW,4
324,2015	MID_HIGH,34
324,2014	MID_HIGH,13
324,2013	HIGH,131
324,2012	MID_HIGH,19
324,2011	MID_HIGH,6
324,2010	HIGH,32
324,2009	HIGH,169
324,2008	MID_HIGH,6
324,2007	HIGH,66
324,2006	HIGH,14
324,2005	MID_HIGH,9
324,2004	MID_HIGH,5
324,2003	MID_HIGH,2
324,2002	HIGH,14
324,2001	HIGH,701
324,2000	HIGH,1345
324,1999	HIGH,453
324,1998	HIGH,86
324,1997	LOW,0
320,2025	MID_HIGH,124
320,2024	MID_HIGH,295
320,2023	MID_HIGH,852
320,2022	MID_HIGH,745
320,2021	MID_HIGH,673
320,2020	MID_HIGH,573
320,2019	MID_HIGH,1115
320,2018	MID_HIGH,800
32,2025	MID_LOW,1
32,2024	MID_LOW,4
32,2023	MID_LOW,7
32,2022	MID_LOW,16
32,2021	MID_LOW,19
32,2020	MID_LOW,24
32,2019	MID_LOW,24
32,2018	MID_LOW,27
316,2025	LOW,0
316,2024	LOW,0
316,2023	LOW,0
316,2022	LOW,0
316,2021	LOW,0
312,2025	LOW,0
312,2024	LOW,0
312,2023	LOW,0
312,2022	LOW,0
312,2021	LOW,0
312,2020	MID_LOW,1
312,2019	LOW,0
312,2018	MID_LOW,1
31,2025	MID_HIGH,6
31,2024	MID_LOW,2
31,2023	MID_HIGH,570
31,2022	MID_HIGH,68
31,2021	MID_LOW,33
31,2020	HIGH,7057
31,2019	MID_LOW,14
31,2018	MID_LOW,47
308,2025	LOW,0
308,2023	LOW,0
308,2022	LOW,0
308,2021	LOW,0
308,2020	LOW,0
308,2019	LOW,0
308,2018	LOW,0
304,2025	LOW,0
304,2024	LOW,0
304,2023	LOW,0
304,2022	LOW,0
304,2021	LOW,0
304,2020	LOW,0
300,2025	MID_LOW,16
300,2024	MID_LOW,59
300,2023	MID_HIGH,146
300,2022	MID_LOW,70
300,2021	MID_LOW,7
300,2020	MID_LOW,6
300,2019	MID_LOW,7
300,2018	MID_LOW,26
296,2024	LOW,0
296,2022	LOW,0
292,2023	LOW,0
292,2022	LOW,0
292,2021	LOW,0
292,2020	LOW,0
288,2025	MID_HIGH,149
288,2024	MID_HIGH,185
288,2023	MID_HIGH,177
288,2022	MID_HIGH,120
288,2021	MID_HIGH,51
288,2020	MID_HIGH,69
288,2019	MID_HIGH,43
288,2018	MID_HIGH,23
288,2017	MID_HIGH,89
288,2016	MID_HIGH,42
288,2015	MID_HIGH,32
288,2014	MID_HIGH,14
288,2013	MID_HIGH,23
288,2012	MID_HIGH,20
288,2011	MID_HIGH,5
288,2010	MID_HIGH,6
288,2009	HIGH,21
288,2008	HIGH,29
288,2007	HIGH,11
288,2006	HIGH,3
288,2005	MID_HIGH,2
288,2004	MID_HIGH,3
288,2003	MID_HIGH,7
288,2002	HIGH,38
288,2001	HIGH,144
288,2000	HIGH,34
288,1999	LOW,0
288,1998	HIGH,4
288,1997	HIGH,5
28,2025	LOW,0
28,2024	MID_HIGH,3
28,2023	MID_LOW,1
28,2022	LOW,0
28,2021	LOW,0
28,2020	MID_HIGH,2
28,2019	LOW,0
28,2018	LOW,0
276,2025	MID_LOW,6
276,2024	MID_LOW,17
276,2023	MID_LOW,8
276,2022	MID_LOW,1
276,2021	MID_LOW,9
276,2020	MID_LOW,14
275,2025	MID_HIGH,4499
275,2024	HIGH,30415
275,2023	HIGH,22915
275,2022	MID_LOW,225
275,2021	MID_LOW,396
275,2020	MID_LOW,57
275,2019	MID_LOW,183
275,2018	MID_LOW,413
275,2017	MID_LOW,124
275,2016	MID_HIGH,177
270,2025	LOW,0
270,2024	MID_LOW,1
270,2023	MID_HIGH,2
270,2022	MID_HIGH,4
270,2021	MID_LOW,1
270,2020	MID_LOW,3
270,2019	MID_LOW,2
270,2018	MID_HIGH,3
270,2017	MID_HIGH,6
270,2016	MID_HIGH,4
270,2015	LOW,0
270,2014	MID_HIGH,3
270,2013	LOW,0
270,2012	HIGH,8
270,2011	LOW,0
270,2010	LOW,0
270,2009	HIGH,18
270,2008	LOW,0
270,2007	HIGH,15
270,2006	LOW,0
270,2005	HIGH,57
270,2004	MID_HIGH,1
270,2003	LOW,0
270,2002	MID_LOW,1
270,2001	MID_HIGH,7
270,2000	HIGH,18
270,1999	LOW,0
270,1998	LOW,0
270,1997	MID_HIGH,1
268,2025	LOW,0
268,2024	MID_LOW,1
268,2023	MID_LOW,2
268,2022	LOW,0
268,2021	LOW,0
268,2020	MID_LOW,1
268,2019	MID_LOW,3
268,2018	MID_LOW,3
266,2025	MID_LOW,1
266,2024	MID_LOW,1
266,2023	MID_LOW,2
266,2022	LOW,0
266,2021	MID_LOW,4
266,2020	MID_LOW,4
266,2019	MID_HIGH,6
266,2018	LOW,0
266,2017	LOW,0
266,2016	MID_HIGH,7
266,2015	LOW,0
266,2014	MID_HIGH,2
266,2013	LOW,0
266,2012	LOW,0
266,2011	LOW,0
266,2010	LOW,0
266,2009	LOW,0
266,2008	LOW,0
266,2006	MID_HIGH,1
266,2005	LOW,0
266,2004	HIGH,8
266,2003	LOW,0
266,2002	LOW,0
266,2001	LOW,0
266,2000	LOW,0
266,1999	HIGH,4
266,1998	LOW,0
266,1997	HIGH,4
262,2024	HIGH,47
262,2023	HIGH,17
262,2022	HIGH,7
262,2021	MID_HIGH,5
262,2020	LOW,0
262,2019	MID_HIGH,4
262,2018	LOW,0
262,2017	LOW,0
262,2016	LOW,0
262,2015	HIGH,27
262,2014	MID_HIGH,11
262,2013	MID_HIGH,6
262,2012	MID_HIGH,1
262,2011	MID_HIGH,3
262,2010	MID_HIGH,3
262,2009	MID_HIGH,4
262,2008	HIGH,10
262,2007	LOW,0
262,2006	LOW,0
262,2005	LOW,0
262,2004	LOW,0
262,2003	LOW,0
262,2002	HIGH,2
262,2001	LOW,0
262,2000	LOW,0
262,1999	HIGH,14
262,1998	HIGH,3
262,1997	LOW,0
258,2025	LOW,0
258,2024	LOW,0
258,2023	LOW,0
258,2022	LOW,0
258,2021	LOW,0
254,2025	LOW,0
254,2024	MID_LOW,1
254,2023	MID_LOW,2
254,2022	LOW,0
254,2021	LOW,0
254,2020	LOW,0
254,2018	LOW,0
250,2025	MID_LOW,3
250,2024	MID_LOW,12
250,2023	MID_LOW,5
250,2022	MID_LOW,14
250,2021	MID_LOW,4
250,2020	MID_LOW,9
246,2025	LOW,0
246,2024	LOW,0
246,2023	LOW,0
246,2022	LOW,0
246,2021	MID_LOW,1
246,2020	MID_LOW,1
242,2025	LOW,0
242,2024	LOW,0
242,2023	LOW,0
242,2022	LOW,0
242,2021	LOW,0
24,2025	HIGH,78
24,2024	HIGH,112
24,2023	MID_HIGH,90
24,2022	MID_HIGH,108
24,2021	HIGH,150
24,2020	MID_HIGH,74
24,2019	MID_HIGH,24
24,2018	MID_HIGH,41
24,2017	MID_HIGH,67
24,2016	HIGH,115
24,2015	HIGH,23
24,2014	LOW,0
24,2013	MID_HIGH,6
24,2012	MID_HIGH,6
24,2011	MID_HIGH,4
24,2010	HIGH,15
24,2009	MID_HIGH,5
24,2008	HIGH,10
24,2007	HIGH,16
24,2006	HIGH,13
24,2005	HIGH,3
24,2004	HIGH,33
24,2003	HIGH,6
24,2002	HIGH,275
24,2001	HIGH,9113
24,2000	HIGH,3957
24,1999	HIGH,73725
24,1998	HIGH,50810
24,1997	HIGH,5258
238,2021	LOW,0
238,2020	LOW,0
234,2025	LOW,0
234,2024	LOW,0
234,2023	LOW,0
234,2022	LOW,0
234,2020	LOW,0
233,2025	LOW,0
233,2024	LOW,0
233,2023	LOW,0
233,2022	LOW,0
233,2021	MID_LOW,1
233,2020	LOW,0
232,2025	LOW,0
232,2024	LOW,0
232,2023	MID_HIGH,1
232,2022	LOW,0
232,2021	LOW,0
232,2020	MID_LOW,1
232,2019	LOW,0
232,2018	MID_HIGH,1
232,2017	MID_HIGH,1
232,2016	HIGH,37
232,2015	MID_HIGH,3
232,2014	HIGH,10
232,2013	HIGH,118
232,2012	LOW,0
232,2011	HIGH,9
232,2010	HIGH,70
232,2009	HIGH,9
232,2008	HIGH,250
232,2007	HIGH,5
232,2006	MID_HIGH,2
232,2005	HIGH,165
232,2004	HIGH,56
232,2003	HIGH,24
232,2002	HIGH,1
232,2001	HIGH,6
232,2000	HIGH,193
232,1999	HIGH,52057
232,1998	HIGH,1298
232,1997	HIGH,100
231,2025	HIGH,1653
231,2024	HIGH,7564
231,2023	HIGH,3753
231,2022	HIGH,6440
231,2021	HIGH,8546
231,2020	HIGH,4364
231,2019	HIGH,670
231,2018	HIGH,1579
231,2017	HIGH,1355
231,2016	HIGH,2515
231,2015	HIGH,811
231,2014	HIGH,335
231,2013	HIGH,584
231,2012	HIGH,885
231,2011	HIGH,655
231,2010	HIGH,1588
231,2009	HIGH,1862
231,2008	HIGH,639
231,2007	HIGH,1423
231,2006	HIGH,366
231,2005	HIGH,1283
231,2004	HIGH,1001
231,2003	HIGH,800
231,2002	HIGH,4197
231,2001	HIGH,890
231,2000	HIGH,1413
231,1999	HIGH,18839
231,1998	HIGH,958
231,1997	HIGH,84
226,2024	LOW,0
226,2023	LOW,0
226,2022	HIGH,4
226,2021	HIGH,108
226,2020	LOW,0
226,2019	MID_HIGH,1
226,2018	MID_HIGH,4
226,2017	MID_HIGH,5
226,2016	LOW,0
226,2015	LOW,0
226,2014	LOW,0
226,2013	LOW,0
226,2012	MID_HIGH,1
226,2011	LOW,0
226,2010	HIGH,7
226,2009	MID_HIGH,3
226,2008	HIGH,3
226,2007	LOW,0
226,2006	LOW,0
226,2005	LOW,0
226,2004	HIGH,12
226,2003	HIGH,1
226,2002	LOW,0
226,2001	LOW,0
226,2000	LOW,0
226,1998	HIGH,6
226,1997	LOW,0
222,2025	LOW,0
222,2024	MID_HIGH,21
222,2023	MID_HIGH,59
222,2022	MID_HIGH,286
222,2021	MID_HIGH,436
222,2020	MID_HIGH,391
222,2019	HIGH,899
222,2018	HIGH,962
218,2025	HIGH,1384
218,2024	MID_HIGH,2883
218,2023	HIGH,2809
218,2022	MID_HIGH,1565
218,2021	MID_LOW,5
218,2020	MID_LOW,30
218,2019	MID_LOW,12
218,2018	MID_LOW,14
214,2025	MID_LOW,6
214,2024	MID_LOW,14
214,2023	MID_LOW,14
214,2022	MID_HIGH,25
214,2021	MID_LOW,3
214,2020	MID_LOW,10
214,2019	MID_HIGH,18
214,2018	MID_HIGH,21
212,2025	LOW,0
212,2024	LOW,0
212,2023	LOW,0
212,2022	LOW,0
212,2021	LOW,0
212,2020	LOW,0
212,2019	MID_LOW,1
212,2018	LOW,0
208,2025	LOW,0
208,2024	LOW,0
208,2023	LOW,0
208,2022	LOW,0
208,2021	LOW,0
208,2020	MID_LOW,1
204,2025	HIGH,304
204,2024	MID_HIGH,273
204,2023	MID_HIGH,218
204,2022	MID_HIGH,168
204,2021	MID_HIGH,93
204,2020	MID_HIGH,64
204,2019	MID_HIGH,37
204,2018	MID_HIGH,31
204,2017	MID_HIGH,15
204,2016	HIGH,22
204,2015	MID_HIGH,3
204,2014	LOW,0
204,2013	LOW,0
204,2012	LOW,0
204,2011	LOW,0
204,2010	LOW,0
204,2009	MID_HIGH,1
204,2008	LOW,0
204,2007	MID_HIGH,2
204,2006	LOW,0
204,2005	LOW,0
204,2004	HIGH,2
204,2003	LOW,0
204,2002	LOW,0
204,2001	HIGH,4
204,2000	HIGH,1
204,1999	LOW,0
204,1998	MID_HIGH,1
204,1997	LOW,0
203,2025	LOW,0
203,2024	LOW,0
203,2023	LOW,0
203,2022	LOW,0
203,2021	MID_LOW,1
203,2020	LOW,0
20,2025	LOW,0
20,2024	LOW,0
20,2023	LOW,0
20,2022	LOW,0
20,2021	LOW,0
20,2020	LOW,0
2,2025	LOW,0
2,2024	LOW,0
2,2023	LOW,0
2,2022	LOW,0
2,2021	LOW,0
2,2020	LOW,0
2,2019	LOW,0
2,2018	LOW,0
196,2025	MID_LOW,8
196,2024	MID_LOW,3
196,2023	MID_LOW,5
196,2022	MID_LOW,1
196,2021	LOW,0
196,2020	LOW,0
196,2019	MID_LOW,1
196,2018	MID_LOW,1
192,2025	MID_LOW,3
192,2024	MID_LOW,3
192,2023	MID_LOW,6
192,2022	MID_LOW,2
192,2021	MID_LOW,1
192,2020	MID_LOW,3
192,2019	MID_LOW,2
192,2018	LOW,0
191,2025	LOW,0
191,2024	MID_LOW,15
191,2023	LOW,0
191,2022	LOW,0
191,2021	MID_LOW,1
191,2020	LOW,0
191,2019	MID_LOW,3
191,2018	LOW,0
188,2025	MID_LOW,3
188,2024	MID_LOW,15
188,2023	MID_LOW,3
188,2022	MID_LOW,2
188,2021	MID_LOW,4
188,2020	MID_LOW,9
188,2019	MID_LOW,10
188,2018	MID_LOW,2
184,2025	LOW,0
184,2024	LOW,0
184,2022	LOW,0
184,2021	LOW,0
180,2025	HIGH,3255
180,2024	HIGH,5916
180,2023	HIGH,5508
180,2022	HIGH,8082
180,2021	HIGH,7704
180,2020	HIGH,6762
180,2019	HIGH,4563
180,2018	HIGH,3297
180,2017	HIGH,3211
180,2016	HIGH,1740
180,2015	HIGH,1791
180,2014	HIGH,1233
180,2013	HIGH,1972
180,2012	HIGH,1443
180,2011	MID_HIGH,625
180,2010	HIGH,1458
180,2009	HIGH,5128
180,2008	HIGH,2269
180,2007	HIGH,385
180,2006	HIGH,412
180,2005	HIGH,565
180,2004	HIGH,400
180,2003	HIGH,3405
180,2002	HIGH,6077
180,2001	HIGH,2379
180,2000	HIGH,1680
180,1999	HIGH,7040
180,1998	HIGH,3376
180,1997	HIGH,2291
178,2025	MID_HIGH,1
178,2024	MID_HIGH,1
178,2023	MID_HIGH,6
178,2022	MID_HIGH,19
178,2021	MID_HIGH,10
178,2020	MID_LOW,1
178,2019	MID_LOW,2
178,2018	HIGH,28
178,2017	HIGH,21
178,2016	HIGH,78
178,2015	MID_HIGH,4
178,2014	MID_HIGH,11
178,2013	HIGH,40
178,2012	MID_HIGH,2
178,2010	LOW,0
178,2009	HIGH,100
178,2007	HIGH,15
178,2006	HIGH,1
178,2005	HIGH,15
178,2004	HIGH,10
178,2003	HIGH,23
178,2002	MID_LOW,1
178,2001	LOW,0
178,2000	HIGH,96
178,1999	MID_HIGH,29
178,1998	HIGH,121
178,1997	MID_HIGH,41
175,2025	LOW,0
175,2024	MID_LOW,1
175,2023	LOW,0
175,2022	MID_LOW,3
175,2021	MID_LOW,1
175,2020	LOW,0
174,2025	LOW,0
174,2024	MID_LOW,3
174,2023	MID_LOW,1
174,2022	MID_LOW,2
174,2021	LOW,0
174,2020	MID_LOW,2
170,2025	MID_HIGH,889
170,2024	MID_HIGH,1770
170,2023	MID_HIGH,2019
170,2022	MID_HIGH,2305
170,2021	MID_HIGH,2115
170,2020	MID_HIGH,1769
170,2019	MID_HIGH,1430
170,2018	MID_HIGH,1503
162,2022	LOW,0
162,2021	LOW,0
16,2022	LOW,0
16,2021	LOW,0
158,2025	LOW,0
158,2024	LOW,0
158,2023	LOW,0
158,2022	LOW,0
158,2021	LOW,0
158,2020	LOW,0
158,2019	LOW,0
158,2018	LOW,0
156,2025	LOW,0
156,2024	MID_LOW,12
156,2023	MID_LOW,9
156,2022	MID_LOW,6
156,2021	MID_LOW,13
156,2020	MID_LOW,9
156,2019	MID_LOW,15
156,2018	MID_LOW,42
152,2025	MID_LOW,9
152,2024	MID_LOW,54
152,2023	MID_LOW,36
152,2022	MID_LOW,34
152,2021	MID_LOW,20
152,2020	MID_LOW,26
152,2019	MID_LOW,44
152,2018	MID_LOW,4
148,2025	HIGH,70
148,2024	HIGH,561
148,2023	HIGH,301
148,2022	HIGH,751
148,2021	HIGH,831
148,2020	HIGH,738
148,2019	HIGH,565
148,2018	HIGH,259
148,2017	HIGH,296
148,2016	HIGH,45
148,2015	HIGH,429
148,2014	HIGH,50
148,2013	HIGH,5
148,2012	MID_HIGH,3
148,2011	HIGH,17
148,2010	HIGH,109
148,2009	HIGH,261
148,2008	HIGH,272
148,2007	HIGH,842
148,2006	HIGH,1905
148,2005	HIGH,515
148,2004	HIGH,442
148,2003	HIGH,155
148,2002	HIGH,499
148,2001	HIGH,133
148,2000	HIGH,560
148,1999	HIGH,180
148,1998	HIGH,85
148,1997	HIGH,207
144,2025	MID_LOW,2
144,2024	MID_LOW,6
144,2023	MID_LOW,7
144,2022	MID_LOW,12
144,2021	MID_LOW,5
144,2020	MID_LOW,35
144,2019	MID_HIGH,304
144,2018	MID_LOW,26
144,2017	MID_LOW,2
144,2016	MID_LOW,4
144,2015	MID_LOW,9
144,2014	MID_LOW,6
144,2013	MID_LOW,15
144,2012	MID_HIGH,37
144,2011	MID_LOW,25
144,2010	MID_LOW,28
140,2025	HIGH,513
140,2024	HIGH,763
140,2023	HIGH,618
140,2022	HIGH,967
140,2021	HIGH,1716
140,2020	MID_HIGH,449
140,2019	HIGH,596
140,2018	HIGH,1171
140,2017	HIGH,1832
140,2016	HIGH,739
140,2015	HIGH,525
140,2014	HIGH,3618
140,2013	HIGH,2559
140,2012	HIGH,262
140,2011	HIGH,204
140,2010	HIGH,412
140,2009	HIGH,260
140,2008	HIGH,192
140,2007	HIGH,218
140,2006	HIGH,291
140,2005	HIGH,73
140,2004	HIGH,80
140,2003	HIGH,84
140,2002	HIGH,539
140,2001	HIGH,52
140,2000	MID_HIGH,9
140,1999	HIGH,20
140,1998	HIGH,46
140,1997	HIGH,131
136,2025	LOW,0
136,2024	LOW,0
136,2023	LOW,0
136,2022	LOW,0
136,2021	LOW,0
136,2020	LOW,0
136,2019	LOW,0
132,2025	LOW,0
132,2024	LOW,0
132,2023	LOW,0
132,2022	LOW,0
132,2021	LOW,0
132,2020	LOW,0
124,2025	LOW,0
124,2024	LOW,0
124,2023	MID_LOW,4
124,2022	LOW,0
124,2021	MID_LOW,9
120,2025	MID_HIGH,635
120,2024	MID_HIGH,2459
120,2023	MID_HIGH,2184
120,2022	MID_HIGH,1635
120,2021	HIGH,1571
120,2020	HIGH,1762
120,2019	HIGH,1302
120,2018	HIGH,1664
120,2017	HIGH,741
120,2016	HIGH,721
120,2015	HIGH,1439
120,2014	HIGH,1366
120,2013	MID_HIGH,32
120,2012	MID_HIGH,5
120,2011	HIGH,17
120,2010	MID_HIGH,6
120,2009	HIGH,19
120,2008	HIGH,234
120,2007	HIGH,71
120,2006	HIGH,31
120,2005	HIGH,50
120,2004	MID_HIGH,10
120,2003	HIGH,4
120,2002	HIGH,4
120,2001	MID_HIGH,4
120,2000	HIGH,16
120,1999	MID_HIGH,1
120,1998	HIGH,8
120,1997	MID_HIGH,6
12,2025	MID_LOW,7
12,2024	MID_HIGH,35
12,2023	MID_LOW,14
12,2022	MID_LOW,27
12,2021	MID_LOW,25
12,2020	MID_LOW,33
12,2019	MID_LOW,22
12,2018	MID_LOW,66
12,2017	MID_HIGH,145
12,2016	MID_HIGH,129
12,2015	MID_HIGH,154
12,2014	MID_HIGH,229
12,2013	HIGH,341
12,2012	HIGH,245
12,2011	HIGH,306
12,2010	HIGH,246
12,2009	HIGH,514
12,2008	HIGH,465
12,2007	HIGH,689
12,2006	HIGH,382
12,2005	HIGH,254
12,2004	HIGH,262
12,2003	HIGH,630
12,2002	HIGH,1007
12,2001	HIGH,945
12,2000	HIGH,1389
12,1999	HIGH,369
12,1998	HIGH,1269
12,1997	HIGH,3579
116,2025	LOW,0
116,2024	LOW,0
116,2023	LOW,0
116,2022	MID_LOW,1
116,2021	MID_LOW,3
116,2020	MID_LOW,12
116,2019	MID_LOW,5
116,2018	MID_HIGH,16
116,2017	MID_LOW,5
116,2016	MID_LOW,6
116,2015	MID_LOW,9
116,2014	MID_LOW,23
116,2013	MID_LOW,22
116,2012	MID_HIGH,45
116,2011	MID_HIGH,48
116,2010	MID_HIGH,57
112,2025	MID_LOW,2
112,2024	MID_LOW,2
112,2023	MID_LOW,2
112,2022	MID_LOW,4
112,2021	MID_LOW,5
112,2020	MID_LOW,6
112,2019	LOW,0
112,2018	LOW,0
108,2025	HIGH,162
108,2024	MID_HIGH,168
108,2023	MID_HIGH,199
108,2022	MID_HIGH,261
108,2021	MID_HIGH,305
108,2020	MID_HIGH,330
108,2019	MID_HIGH,305
108,2018	MID_HIGH,327
108,2017	MID_HIGH,285
108,2016	MID_HIGH,453
108,2015	MID_HIGH,1111
108,2014	HIGH,73
108,2013	HIGH,18
108,2012	HIGH,31
108,2011	HIGH,112
108,2010	HIGH,153
108,2009	HIGH,72
108,2008	HIGH,197
108,2007	HIGH,63
108,2006	HIGH,174
108,2005	HIGH,587
108,2004	HIGH,513
108,2003	HIGH,1630
108,2002	HIGH,2136
108,2001	HIGH,3917
108,2000	HIGH,3891
108,1999	HIGH,1718
108,1998	HIGH,1238
108,1997	HIGH,4142
104,2025	HIGH,5229
104,2024	HIGH,20466
104,2023	HIGH,21765
104,2022	HIGH,24105
104,2021	MID_HIGH,11793
104,2020	MID_HIGH,698
104,2019	HIGH,1647
104,2018	MID_HIGH,261
104,2017	HIGH,1408
104,2016	MID_HIGH,613
104,2015	HIGH,1287
104,2014	MID_HIGH,501
104,2013	MID_HIGH,471
104,2012	HIGH,999
104,2011	HIGH,1440
104,2010	HIGH,268
100,2025	MID_LOW,1
100,2024	LOW,0
100,2023	LOW,0
100,2022	MID_LOW,2
100,2021	LOW,0
100,2020	LOW,0
100,2019	LOW,0
100,2018	LOW,0
10,2024	LOW,0
10,2023	LOW,0
10,2022	LOW,0
10,2021	LOW,0
0,2025	LOW,0
0,2024	LOW,0
0,2023	MID_LOW,5
0,2022	LOW,0
0,2021	LOW,0
0,2020	LOW,0
0,2019	LOW,0
0,2018	MID_LOW,4
